lh.aparc.thickness	lh_bankssts_thickness	lh_caudalanteriorcingulate_thickness	lh_caudalmiddlefrontal_thickness	lh_cuneus_thickness	lh_entorhinal_thickness	lh_fusiform_thickness	lh_inferiorparietal_thickness	lh_inferiortemporal_thickness	lh_isthmuscingulate_thickness	lh_lateraloccipital_thickness	lh_lateralorbitofrontal_thickness	lh_lingual_thickness	lh_medialorbitofrontal_thickness	lh_middletemporal_thickness	lh_parahippocampal_thickness	lh_paracentral_thickness	lh_parsopercularis_thickness	lh_parsorbitalis_thickness	lh_parstriangularis_thickness	lh_pericalcarine_thickness	lh_postcentral_thickness	lh_posteriorcingulate_thickness	lh_precentral_thickness	lh_precuneus_thickness	lh_rostralanteriorcingulate_thickness	lh_rostralmiddlefrontal_thickness	lh_superiorfrontal_thickness	lh_superiorparietal_thickness	lh_superiortemporal_thickness	lh_supramarginal_thickness	lh_frontalpole_thickness	lh_temporalpole_thickness	lh_transversetemporal_thickness	lh_insula_thickness	lh_MeanThickness_thickness	BrainSegVolNotVent	eTIV
PPMI_3057_MR_SAG_3D_T1	2.565	2.315	2.512	1.951	2.992	2.695	2.442	2.785	2.361	2.251	2.568	2.116	2.253	2.725	2.942	2.398	2.678	2.764	2.566	1.824	2.123	2.275	2.594	2.446	2.543	2.363	2.545	2.267	2.678	2.535	2.587	3.317	2.32	2.843	2.45706	1120702.0	1521904.55288
PPMI_3063_MR_SAG_3D_T1	2.504	2.813	2.507	1.932	3.415	2.724	2.509	2.67	2.19	2.258	2.71	2.035	2.577	2.813	3.077	2.213	2.493	2.875	2.595	1.637	2.1	2.51	2.509	2.453	2.894	2.442	2.748	2.223	2.814	2.671	2.944	3.046	2.447	2.968	2.51029	1021327.0	1397918.3509
PPMI_3064_MR_SAG_3D_T1	2.432	2.846	2.435	1.693	3.561	2.716	2.286	2.836	2.072	2.143	2.559	1.892	2.459	2.69	2.82	2.242	2.425	2.826	2.351	1.633	2.043	2.4	2.471	2.369	2.697	2.247	2.64	2.256	2.769	2.47	2.697	3.734	2.221	2.955	2.4251	1031909.0	1391501.82121
PPMI_3069_MR_SAG_3D_T1	2.551	2.391	2.447	1.921	3.331	2.72	2.351	2.891	2.504	2.25	2.604	2.183	2.294	2.824	2.246	2.372	2.529	2.832	2.385	1.708	2.065	2.341	2.399	2.469	2.745	2.302	2.493	2.163	2.504	2.369	2.694	3.615	2.313	2.996	2.43723	1112582.0	1588107.6383
PPMI_3071_MR_SAG_3D_T1	2.35	2.22	2.31	1.898	3.487	2.673	2.276	2.747	2.167	2.065	2.5	1.968	2.397	2.612	3.038	2.167	2.395	2.521	2.256	1.589	1.912	2.168	2.404	2.187	2.535	2.203	2.484	2.022	2.448	2.284	2.548	3.126	2.315	2.816	2.29933	1021856.0	1435962.84157
PPMI_3072_MR_SAG_3D_T1	2.409	2.922	2.545	1.97	3.165	2.772	2.458	2.826	2.436	2.321	2.682	2.324	2.758	2.982	3.29	2.523	2.474	2.677	2.542	1.816	2.184	2.455	2.587	2.526	3.154	2.391	2.768	2.31	2.939	2.604	2.749	3.608	2.583	3.032	2.56159	905698.0	1221251.43084
PPMI_3073_MR_SAG_3D_T1	2.331	2.478	2.326	1.74	3.291	2.483	2.259	2.483	2.337	2.071	2.454	1.86	2.096	2.675	2.393	2.308	2.352	2.734	2.366	1.481	1.921	2.291	2.542	2.255	2.618	2.201	2.522	2.05	2.808	2.375	2.486	3.688	2.355	2.706	2.31581	992720.0	1335187.14686
PPMI_3074_MR_SAG_3D_T1	2.386	2.348	2.458	1.794	3.155	2.69	2.202	2.628	2.287	2.032	2.691	2.092	2.498	2.716	2.652	2.236	2.681	2.645	2.462	1.574	1.931	2.243	2.464	2.3	2.779	2.352	2.654	1.988	2.562	2.528	2.816	3.392	2.415	2.758	2.38263	1286171.0	1712507.52163
PPMI_3075_MR_SAG_3D_T1	2.374	2.29	2.411	1.998	3.078	2.67	2.242	2.742	1.943	2.182	2.527	2.059	2.344	2.716	2.744	2.281	2.419	2.511	2.201	1.867	1.997	2.25	2.42	2.217	2.477	2.247	2.421	2.037	2.651	2.271	2.727	3.597	2.309	2.882	2.35089	1273987.0	1958072.58603
PPMI_3401_MR_MPRAGE_SAG_br	2.288	2.44	2.629	1.726	3.374	2.402	2.447	2.723	2.295	2.114	2.725	1.812	2.328	2.971	2.635	2.118	2.591	2.927	2.615	1.345	2.039	2.279	2.372	2.232	2.73	2.389	2.779	2.086	2.678	2.435	2.423	3.684	1.732	2.887	2.43143	1133786.0	1538942.01984
PPMI_3404_MR_MPRAGE_SAG_br	2.457	2.658	2.385	1.682	3.023	2.518	2.344	2.818	2.53	2.294	2.617	1.876	2.243	2.861	2.706	1.96	2.368	2.615	2.53	1.455	1.718	2.643	1.911	2.215	2.716	2.352	2.684	2.158	2.376	2.331	2.775	3.727	1.862	2.756	2.3506	1024370.0	1367522.92418
PPMI_3405_MR_SAG_T1_3D	2.312	2.862	2.501	1.578	3.189	2.533	2.331	2.423	2.542	1.916	2.412	1.749	2.256	2.146	2.716	1.812	2.38	2.382	2.463	1.311	1.675	2.522	1.828	2.097	2.802	2.308	2.469	2.21	2.162	2.239	2.407	3.404	2.082	2.613	2.22353	919821.0	1336095.49573
PPMI_3410_MR_SAG_T1_3D	1.844	2.909	2.109	1.525	3.608	2.483	2.191	2.609	2.588	2.026	2.467	1.773	2.469	2.161	2.446	1.553	2.068	2.569	2.157	1.38	1.524	2.217	1.707	2.023	2.897	2.091	2.337	1.813	2.289	1.728	2.488	3.986	1.643	2.938	2.10987	1097682.0	1533572.66831
PPMI_3411_MR_SAG_T1_3D	2.601	2.578	2.811	1.954	3.384	2.624	2.644	2.928	2.532	2.251	3.013	1.889	2.64	2.498	3.039	2.453	2.742	3.136	2.536	1.575	2.212	2.473	2.703	2.453	2.766	2.665	2.842	2.149	2.579	2.789	3.143	3.271	2.508	3.051	2.57891	1311484.0	1773709.19045
PPMI_3414_MR_SAG_T1_3D	2.178	2.752	2.473	1.566	2.817	2.6	2.438	2.803	2.781	2.012	2.732	1.851	2.529	2.591	3.32	2.055	2.629	2.515	2.734	1.299	1.975	2.536	2.147	2.23	3.069	2.507	2.681	2.119	2.454	2.365	2.826	3.027	1.969	3.03	2.39059	1217138.0	1538695.97725
PPMI_3424_MR_SAG_T1_3D	2.427	2.786	2.51	1.606	3.612	2.84	2.385	2.535	2.584	1.975	2.666	1.904	2.549	2.13	2.95	2.061	2.317	2.547	2.363	1.226	1.824	2.582	2.109	2.206	3.102	2.167	2.531	2.044	2.426	2.256	2.275	3.805	2.124	3.092	2.29269	1064727.0	1467015.29607
PPMI_3428_MR_SAG_T1_3D	2.183	2.675	2.542	1.728	3.188	2.646	2.396	2.901	2.721	1.936	2.822	1.784	2.53	2.525	3.058	2.2	2.659	2.673	2.569	1.452	2.075	2.607	2.611	2.24	2.812	2.337	2.562	2.134	2.383	2.325	2.571	3.456	2.607	3.076	2.3989	1111099.0	1502169.48906
PPMI_3619_MR_SAG_SPGR_3D	2.508	2.246	2.583	2.018	3.147	2.793	2.529	2.856	2.131	2.271	2.655	2.169	2.548	2.832	2.937	2.485	2.526	2.567	2.415	1.775	2.255	2.446	2.708	2.614	2.84	2.434	2.733	2.277	2.885	2.675	2.658	3.822	2.704	2.754	2.55099	1148761.0	1495256.09385
PPMI_3651_MR_SAG_T1_3DMPRAGE	2.252	2.187	2.326	1.679	3.741	2.625	2.118	2.645	2.171	1.999	2.314	1.873	2.228	2.569	2.162	2.225	2.284	2.319	2.16	1.459	1.845	2.442	2.362	2.116	2.525	2.121	2.398	1.862	2.525	2.257	2.421	3.31	2.012	2.694	2.23705	1131086.0	1702836.1931
PPMI_3658_MR_SAG_T1_3DMPRAGE	2.502	2.705	2.141	1.847	3.708	2.719	2.254	2.881	2.17	2.196	2.662	2.05	2.318	2.84	2.669	2.177	2.35	2.312	2.163	1.525	1.826	2.273	2.11	2.178	2.546	2.145	2.418	1.88	2.718	2.302	2.366	3.742	1.994	2.921	2.30274	1154312.0	1706330.68905
PPMI_3662_MR_SAG_T1_3DMPRAGE	2.116	2.527	2.202	1.67	2.772	2.374	2.109	2.531	2.291	1.903	2.39	1.774	2.287	2.556	3.005	2.118	2.25	2.388	2.249	1.408	1.97	2.161	2.364	2.121	2.848	2.118	2.407	1.991	2.516	2.31	2.161	3.346	2.001	2.827	2.23769	1208763.0	1729262.90278
PPMI_3668_MR_SAG_T1_3DMPRAGE	2.281	2.594	2.462	1.736	3.734	2.568	2.46	2.703	2.034	2.019	2.546	1.874	2.627	2.691	2.61	2.284	2.37	2.457	2.411	1.52	1.944	2.262	2.473	2.127	2.718	2.372	2.564	1.991	2.444	2.434	2.885	3.641	2.112	2.891	2.34815	1057935.0	1570853.41905
PPMI_3950_MR_FSPGR_3D_SAG	2.022	2.173	2.442	1.861	3.475	2.359	2.03	2.569	2.073	2.029	2.604	2.159	2.214	2.516	2.264	2.278	2.413	2.633	2.081	2.041	2.049	1.981	2.347	2.127	2.267	2.323	2.351	1.924	2.632	2.283	2.471	3.204	2.531	2.529	2.27103	1040323.0	1367089.00209
PPMI_3952_MR_FSPGR_3D_SAG	2.335	2.609	2.701	1.9	3.167	2.264	2.295	2.508	1.852	2.17	2.323	1.943	2.256	2.533	2.331	2.429	2.416	2.625	2.245	1.966	2.171	2.182	2.566	2.078	2.36	2.252	2.507	2.1	2.46	2.374	2.407	3.091	2.554	2.497	2.31151	1160800.0	1546410.10751
PPMI_3955_MR_FSPGR_3D_SAG	2.267	2.222	2.413	1.828	3.456	2.506	2.175	2.818	2.16	2.103	2.379	2.012	2.257	2.77	2.557	2.523	2.347	2.415	2.165	1.811	2.21	2.099	2.495	2.244	2.221	2.157	2.358	1.981	2.714	2.311	2.537	3.299	2.602	2.751	2.34584	1348950.0	1748298.58376
PPMI_3959_MR_FSPGR_3D_SAG	2.295	2.269	2.54	1.778	3.367	2.551	2.13	2.586	2.042	2.141	2.336	1.87	2.319	2.441	2.48	2.385	2.474	2.307	2.214	1.624	2.176	2.165	2.53	2.089	2.145	2.143	2.502	2.11	2.573	2.273	2.459	3.891	2.405	2.681	2.31093	1113897.0	1559252.25041
PPMI_3965_MR_FSPGR_3D_SAG	2.102	2.287	2.465	2.093	2.708	2.413	2.127	2.442	2.075	2.057	2.32	2.068	2.44	2.56	2.75	2.507	2.364	2.59	2.216	1.665	1.985	2.427	2.629	2.079	2.252	2.062	2.502	2.061	2.598	2.329	2.767	3.233	2.381	2.785	2.30995	939461.0	1443721.58955
PPMI_3966_MR_FSPGR_3D_SAG	2.265	1.874	2.36	2.033	3.086	2.419	2.025	2.406	2.018	2.077	2.141	2.083	1.912	2.589	3.081	2.384	2.253	2.187	2.145	1.839	2.038	1.901	2.444	1.987	1.9	2.063	2.276	1.933	2.597	2.27	2.194	2.991	2.247	2.652	2.21198	1276197.0	1614222.94971
PPMI_3967_MR_FSPGR_3D_SAG	2.048	2.088	2.305	1.891	2.935	2.592	2.056	2.579	2.08	2.112	2.332	2.039	2.372	2.509	2.789	2.184	2.192	2.53	2.208	1.884	2.015	1.958	2.443	2.062	2.145	2.118	2.276	2.003	2.578	2.243	2.184	3.274	2.026	2.506	2.24478	1184032.0	1506419.47569
