lh.aparc.area	lh_bankssts_area	lh_caudalanteriorcingulate_area	lh_caudalmiddlefrontal_area	lh_cuneus_area	lh_entorhinal_area	lh_fusiform_area	lh_inferiorparietal_area	lh_inferiortemporal_area	lh_isthmuscingulate_area	lh_lateraloccipital_area	lh_lateralorbitofrontal_area	lh_lingual_area	lh_medialorbitofrontal_area	lh_middletemporal_area	lh_parahippocampal_area	lh_paracentral_area	lh_parsopercularis_area	lh_parsorbitalis_area	lh_parstriangularis_area	lh_pericalcarine_area	lh_postcentral_area	lh_posteriorcingulate_area	lh_precentral_area	lh_precuneus_area	lh_rostralanteriorcingulate_area	lh_rostralmiddlefrontal_area	lh_superiorfrontal_area	lh_superiorparietal_area	lh_superiortemporal_area	lh_supramarginal_area	lh_frontalpole_area	lh_temporalpole_area	lh_transversetemporal_area	lh_insula_area	lh_WhiteSurfArea_area	BrainSegVolNotVent	eTIV
ADNI_067_S_0024_MR_MPRAGE_br_raw	860.0	620.0	1743.0	1149.0	475.0	2782.0	4442.0	2939.0	890.0	4484.0	2590.0	2758.0	2109.0	2444.0	607.0	1144.0	1377.0	729.0	1036.0	1188.0	3480.0	948.0	3884.0	3250.0	826.0	5609.0	6262.0	4491.0	3176.0	2935.0	270.0	543.0	317.0	2035.0	74389.0	969370.0	1493623.77833
ADNI_067_S_0056_MR_MPRAGE_br_raw	678.0	527.0	1446.0	1283.0	410.0	2725.0	3445.0	2412.0	735.0	3725.0	2621.0	2371.0	1624.0	2210.0	644.0	1185.0	1273.0	711.0	1422.0	1162.0	3271.0	1044.0	3779.0	3326.0	679.0	5114.0	6319.0	4536.0	3350.0	3143.0	224.0	495.0	346.0	2357.0	70565.3	951385.0	1339372.01208
ADNI_067_S_0059_MR_MPRAGE_br_raw	717.0	446.0	1784.0	1347.0	285.0	2151.0	2842.0	2232.0	821.0	4091.0	2198.0	2608.0	1749.0	2319.0	523.0	1129.0	1102.0	421.0	1006.0	1233.0	3191.0	931.0	3558.0	3055.0	679.0	4306.0	5542.0	4471.0	3317.0	3321.0	222.0	345.0	372.0	1896.0	66209.8	873406.0	1236088.53333
ADNI_067_S_0177_MR_MPRAGE_br_raw	847.0	490.0	1907.0	1205.0	496.0	2246.0	3332.0	2725.0	776.0	3553.0	2134.0	2012.0	1608.0	2694.0	619.0	920.0	1153.0	584.0	1069.0	1013.0	3391.0	889.0	4162.0	2640.0	571.0	4665.0	5837.0	4208.0	3250.0	3070.0	208.0	406.0	340.0	2153.0	67165.7	856682.0	1443723.37518
ADNI_067_S_0257_MR_MPRAGE_br_raw	774.0	476.0	1741.0	1093.0	395.0	2564.0	3274.0	2654.0	752.0	3867.0	2101.0	2315.0	1297.0	2564.0	546.0	1236.0	1137.0	509.0	827.0	1039.0	3595.0	959.0	4190.0	2564.0	611.0	4044.0	6146.0	3741.0	3074.0	2859.0	188.0	523.0	327.0	2390.0	66366.8	856002.0	1332342.50112
ADNI_073_S_0089_MR_MPRAGE_br_raw	1023.0	630.0	2122.0	1192.0	470.0	3014.0	3986.0	3490.0	930.0	5145.0	2489.0	2824.0	1715.0	3063.0	574.0	1344.0	1412.0	621.0	1309.0	982.0	3810.0	1218.0	4838.0	3520.0	757.0	5471.0	6699.0	4935.0	4043.0	3924.0	265.0	457.0	490.0	2123.0	80870.2	1085584.0	1568854.64891
ADNI_073_S_0311_MR_MPRAGE_br_raw	667.0	432.0	1770.0	1374.0	367.0	2663.0	3187.0	2454.0	949.0	3868.0	2142.0	2784.0	1645.0	1924.0	600.0	1203.0	1361.0	586.0	1083.0	1456.0	3458.0	840.0	4233.0	3233.0	526.0	4071.0	5292.0	5035.0	3564.0	3293.0	234.0	418.0	440.0	1970.0	69119.8	847413.0	1349570.47321
ADNI_073_S_0312_MR_MPRAGE_br_raw	1026.0	561.0	2203.0	1473.0	489.0	3378.0	4896.0	3977.0	1025.0	5116.0	2682.0	3297.0	2131.0	3490.0	764.0	1476.0	1391.0	761.0	1223.0	1577.0	4275.0	1008.0	5078.0	3933.0	956.0	5870.0	7205.0	5968.0	3573.0	3173.0	249.0	422.0	366.0	2342.0	87340.8	1093780.0	1719420.75679
ADNI_073_S_0386_MR_MPRAGE_br_raw	799.0	582.0	2063.0	1282.0	457.0	2869.0	3988.0	2677.0	1080.0	4726.0	2301.0	2896.0	1556.0	2520.0	595.0	1327.0	1525.0	609.0	1148.0	1309.0	3640.0	992.0	4669.0	3312.0	848.0	4790.0	6282.0	4015.0	3971.0	4119.0	294.0	461.0	357.0	2297.0	76351.8	1030466.0	1527112.73581
ADNI_082_S_0304_MR_MPRAGE_br_raw	967.0	613.0	2028.0	1331.0	529.0	3258.0	5392.0	4015.0	1072.0	5834.0	2851.0	2979.0	2357.0	3034.0	628.0	1628.0	1855.0	793.0	1492.0	1309.0	4587.0	1136.0	5410.0	4173.0	1011.0	5330.0	7643.0	6210.0	4481.0	4879.0	282.0	500.0	503.0	2565.0	92672.3	1219127.0	1712765.80044
ADNI_082_S_0363_MR_MPRAGE_br_raw	1006.0	765.0	2189.0	1074.0	607.0	2754.0	4040.0	3685.0	996.0	3598.0	2821.0	2386.0	2125.0	3142.0	632.0	1396.0	1794.0	708.0	1355.0	859.0	3679.0	1192.0	4513.0	3316.0	840.0	5245.0	6790.0	4962.0	3523.0	3857.0	283.0	514.0	358.0	2410.0	79409.8	1052694.0	1642312.30585
ADNI_099_S_0040_MR_MPRAGE_br_raw	973.0	599.0	1949.0	1467.0	400.0	2890.0	4583.0	3203.0	1018.0	4788.0	2646.0	2632.0	2071.0	3100.0	625.0	1316.0	1749.0	655.0	1395.0	1159.0	4028.0	1130.0	4621.0	3587.0	832.0	4978.0	6858.0	5500.0	3488.0	4116.0	250.0	488.0	440.0	2373.0	81901.6	1028183.0	1623764.21711
ADNI_099_S_0090_MR_MPRAGE_br_raw	1063.0	489.0	2060.0	1448.0	457.0	2791.0	4262.0	3270.0	910.0	4777.0	2657.0	2865.0	1973.0	3104.0	583.0	1226.0	1063.0	651.0	1230.0	1675.0	3790.0	1020.0	3951.0	3201.0	696.0	4687.0	7232.0	4715.0	3545.0	3500.0	198.0	499.0	368.0	2166.0	78116.7	1031293.0	1572076.23939
ADNI_099_S_0352_MR_MPRAGE_br_raw	808.0	635.0	1580.0	1277.0	336.0	3087.0	3716.0	3130.0	738.0	4140.0	2017.0	2305.0	1429.0	2437.0	564.0	1137.0	1481.0	574.0	1281.0	997.0	3205.0	1014.0	4254.0	2725.0	863.0	4439.0	5821.0	4770.0	3196.0	3041.0	282.0	502.0	388.0	2173.0	70338.0	814023.0	1271531.73978
ADNI_099_S_0533_MR_MPRAGE_br_raw	963.0	471.0	1868.0	1379.0	331.0	3368.0	4077.0	3242.0	696.0	5065.0	2788.0	2731.0	2080.0	2750.0	665.0	1422.0	1574.0	720.0	1303.0	1227.0	3646.0	740.0	4050.0	3638.0	765.0	5398.0	6683.0	5636.0	3802.0	4128.0	196.0	412.0	458.0	2340.0	80474.5	1059660.0	1727621.24203
ADNI_099_S_0534_MR_MPRAGE_br_raw	1033.0	591.0	2440.0	1763.0	496.0	3107.0	4282.0	3439.0	1212.0	6162.0	2874.0	3177.0	1795.0	3679.0	747.0	1419.0	1942.0	658.0	1214.0	1181.0	4043.0	1164.0	5176.0	4110.0	1035.0	6151.0	7763.0	5183.0	4445.0	4854.0	227.0	467.0	535.0	2516.0	90876.0	1202870.0	1782269.82422
ADNI_109_S_0840_MR_MPRAGE_br_raw	789.0	574.0	1801.0	1244.0	463.0	2394.0	3443.0	2634.0	787.0	4113.0	2071.0	2633.0	1555.0	2304.0	631.0	1134.0	1147.0	541.0	975.0	1272.0	3564.0	912.0	4378.0	2791.0	738.0	4447.0	6099.0	4802.0	3071.0	2968.0	229.0	451.0	308.0	1936.0	69194.5	900366.0	1309149.53025
ADNI_109_S_0876_MR_MPRAGE_br_raw	809.0	257.0	1631.0	1178.0	450.0	2347.0	3346.0	2375.0	544.0	3461.0	2020.0	1791.0	1640.0	2009.0	649.0	1111.0	1168.0	435.0	894.0	872.0	3131.0	773.0	3695.0	2638.0	418.0	4008.0	5330.0	4169.0	2883.0	2873.0	207.0	391.0	365.0	1865.0	61731.4	788060.0	1206710.59768
ADNI_109_S_0967_MR_MPRAGE_br_raw	835.0	467.0	1987.0	1597.0	400.0	2681.0	4106.0	2990.0	966.0	4655.0	2456.0	2917.0	1884.0	3102.0	595.0	1390.0	1351.0	488.0	1141.0	1302.0	3860.0	956.0	4409.0	3371.0	626.0	4779.0	5585.0	4751.0	3777.0	3971.0	238.0	470.0	474.0	2579.0	77153.6	1013167.0	1460230.19781
ADNI_109_S_1013_MR_MPRAGE_br_raw	912.0	543.0	2181.0	1011.0	492.0	2630.0	3820.0	2784.0	1096.0	4377.0	2350.0	2561.0	1808.0	2934.0	685.0	1196.0	1193.0	587.0	1225.0	1096.0	3543.0	1097.0	4008.0	3096.0	742.0	5356.0	6510.0	4357.0	3926.0	3191.0	249.0	443.0	431.0	2274.0	74702.4	967337.0	1595291.2915
ADNI_109_S_1014_MR_MPRAGE_br_raw	990.0	454.0	1772.0	1326.0	551.0	2374.0	3402.0	2784.0	931.0	4162.0	2466.0	2883.0	1896.0	2811.0	621.0	1348.0	1389.0	568.0	1229.0	1335.0	3797.0	999.0	4363.0	4192.0	542.0	4688.0	6286.0	5019.0	3756.0	4526.0	213.0	454.0	447.0	2287.0	76857.8	1005013.0	1584978.39738
ADNI_114_S_0166_MR_MPRAGE_br_raw	874.0	381.0	2374.0	1341.0	351.0	2541.0	3926.0	2688.0	903.0	4627.0	2519.0	2686.0	1737.0	2896.0	552.0	1445.0	1225.0	681.0	1246.0	1036.0	3571.0	951.0	4348.0	3060.0	674.0	5478.0	7041.0	5219.0	3075.0	3888.0	193.0	453.0	342.0	2355.0	76672.7	973470.0	1472088.1241
ADNI_114_S_0173_MR_MPRAGE_br_raw	1031.0	562.0	2108.0	1416.0	486.0	3333.0	4986.0	3598.0	1262.0	5167.0	2884.0	3096.0	2323.0	3599.0	686.0	1397.0	1503.0	654.0	1257.0	1340.0	3961.0	1421.0	5178.0	3648.0	1044.0	5519.0	7799.0	5950.0	3829.0	3929.0	246.0	470.0	367.0	2339.0	88366.8	1112940.0	1674180.57418
ADNI_114_S_0416_MR_MPRAGE_br_raw	714.0	439.0	1700.0	1589.0	374.0	2727.0	3512.0	2824.0	783.0	4615.0	2214.0	2524.0	1614.0	2396.0	583.0	1141.0	1263.0	552.0	1093.0	1272.0	3349.0	891.0	4189.0	2922.0	673.0	4317.0	6261.0	4133.0	3270.0	2904.0	181.0	383.0	354.0	2004.0	69748.8	891693.0	1419337.90767
ADNI_114_S_0601_MR_MPRAGE_br_raw	805.0	614.0	1674.0	1159.0	451.0	2744.0	3228.0	3093.0	910.0	4003.0	2534.0	2921.0	1661.0	2775.0	560.0	1188.0	1373.0	612.0	1078.0	1196.0	3605.0	1008.0	4463.0	2919.0	809.0	4560.0	6238.0	4244.0	3366.0	3604.0	250.0	430.0	377.0	2098.0	72542.6	973565.0	1639243.87436
ADNI_128_S_0863_MR_MPRAGE_br_raw	930.0	612.0	2108.0	1223.0	460.0	2930.0	4261.0	2861.0	1109.0	4711.0	2373.0	2374.0	1722.0	2809.0	610.0	1460.0	1520.0	525.0	1112.0	957.0	4297.0	1189.0	4790.0	3311.0	1027.0	5065.0	6652.0	4563.0	4123.0	4327.0	278.0	480.0	501.0	2514.0	79777.8	1010925.0	1651869.21833
ADNI_141_S_0717_MR_MPRAGE_br_raw	976.0	594.0	2429.0	1976.0	538.0	3533.0	4635.0	3927.0	1229.0	5718.0	2532.0	3425.0	2166.0	3574.0	789.0	1385.0	1580.0	791.0	1265.0	1634.0	4586.0	1143.0	5192.0	4768.0	1110.0	6755.0	7273.0	5858.0	4421.0	4892.0	273.0	568.0	463.0	2627.0	94622.8	1216415.0	1821685.05212
ADNI_141_S_0726_MR_MPRAGE_br_raw	728.0	520.0	2361.0	1618.0	531.0	2664.0	3943.0	3401.0	1168.0	4959.0	2542.0	3014.0	1761.0	2953.0	567.0	1328.0	1488.0	655.0	1509.0	1839.0	3837.0	1031.0	4987.0	3810.0	885.0	5661.0	6878.0	4534.0	3549.0	3562.0	265.0	555.0	544.0	2629.0	82277.8	1003868.0	1621145.53433
ADNI_141_S_0767_MR_MPRAGE_br_raw	754.0	461.0	1930.0	1324.0	470.0	3117.0	3685.0	2921.0	909.0	4499.0	2328.0	3038.0	1861.0	2502.0	675.0	1260.0	1305.0	635.0	1253.0	1617.0	3992.0	955.0	4489.0	3590.0	628.0	5057.0	7135.0	4659.0	3562.0	4162.0	252.0	365.0	467.0	2118.0	77964.8	962554.0	1349685.61316
ADNI_141_S_0810_MR_MPRAGE_br_raw	1424.0	656.0	2324.0	1387.0	438.0	3301.0	5532.0	3345.0	1172.0	4019.0	2962.0	2337.0	1895.0	3154.0	636.0	1223.0	1919.0	838.0	1330.0	955.0	4074.0	1259.0	5032.0	4151.0	861.0	6632.0	7548.0	6011.0	4601.0	4401.0	284.0	506.0	488.0	2785.0	89469.1	1083939.0	1697018.64878
