rh.aparc.thickness	rh_bankssts_thickness	rh_caudalanteriorcingulate_thickness	rh_caudalmiddlefrontal_thickness	rh_cuneus_thickness	rh_entorhinal_thickness	rh_fusiform_thickness	rh_inferiorparietal_thickness	rh_inferiortemporal_thickness	rh_isthmuscingulate_thickness	rh_lateraloccipital_thickness	rh_lateralorbitofrontal_thickness	rh_lingual_thickness	rh_medialorbitofrontal_thickness	rh_middletemporal_thickness	rh_parahippocampal_thickness	rh_paracentral_thickness	rh_parsopercularis_thickness	rh_parsorbitalis_thickness	rh_parstriangularis_thickness	rh_pericalcarine_thickness	rh_postcentral_thickness	rh_posteriorcingulate_thickness	rh_precentral_thickness	rh_precuneus_thickness	rh_rostralanteriorcingulate_thickness	rh_rostralmiddlefrontal_thickness	rh_superiorfrontal_thickness	rh_superiorparietal_thickness	rh_superiortemporal_thickness	rh_supramarginal_thickness	rh_frontalpole_thickness	rh_temporalpole_thickness	rh_transversetemporal_thickness	rh_insula_thickness	rh_MeanThickness_thickness	BrainSegVolNotVent	eTIV
PPMI_3000_MR_sag_3D_FSPGR	2.662	2.387	2.441	2.097	3.606	2.918	2.321	2.672	2.621	2.255	2.561	2.138	2.302	2.683	2.955	2.455	2.336	2.364	2.154	1.89	2.09	2.203	2.437	2.36	2.95	2.28	2.541	2.16	2.527	2.263	2.097	4.034	2.546	3.032	2.41109	1112129.0	1570036.34553
PPMI_3004_MR_sag_3D_FSPGR	2.763	2.569	2.447	1.797	3.662	2.837	2.552	2.727	2.333	2.413	2.456	1.933	2.316	2.712	2.802	2.356	2.492	2.542	2.195	1.532	1.928	2.328	2.579	2.527	2.626	2.284	2.666	2.322	2.645	2.351	2.456	3.73	2.469	2.92	2.46251	1182861.0	1619300.61237
PPMI_3008_MR_sag_3D_FSPGR	2.734	2.597	2.285	1.957	3.384	2.742	2.329	2.451	2.782	2.107	2.398	2.118	2.084	2.176	2.823	2.278	2.376	2.308	2.117	1.766	2.271	2.416	1.919	2.251	2.931	2.265	2.379	2.053	2.317	2.139	2.471	3.526	2.22	2.824	2.28391	875320.0	1281114.98126
PPMI_3011_MR_sag_3D_FSPGR	2.986	2.592	2.546	1.931	3.473	3.04	2.63	2.582	3.093	2.424	2.85	2.296	2.408	2.68	2.749	2.371	2.529	3.019	2.598	1.854	2.245	2.567	2.555	2.69	2.721	2.329	2.754	2.373	2.824	2.616	2.683	3.937	2.613	3.054	2.59177	1257879.0	1723197.20107
PPMI_3013_MR_SAG_3D_FSPGR	2.642	2.054	2.452	1.713	3.433	2.661	2.329	2.528	2.221	2.127	2.371	2.102	2.292	2.571	2.325	2.23	2.421	2.444	2.519	1.6	1.944	2.156	2.332	2.236	2.772	2.196	2.495	2.111	2.531	2.286	2.658	4.189	2.617	2.845	2.32739	1189215.0	1639834.0665
PPMI_3016_MR_sag_3D_FSPGR	2.764	2.441	2.481	1.856	3.356	2.971	2.478	2.949	2.5	2.295	2.598	2.196	2.272	2.473	2.845	2.297	2.561	2.585	2.419	1.559	1.994	2.071	2.342	2.547	2.571	2.392	2.602	2.25	2.512	2.33	2.509	4.001	2.263	3.23	2.45035	1148332.0	1590741.82615
PPMI_3029_MR_SAG_FSPGR_BRAVO	2.567	2.326	2.245	1.955	3.173	2.744	2.181	2.935	2.397	2.131	2.468	1.967	2.256	2.755	2.878	2.367	2.398	2.501	2.251	1.708	2.08	2.558	2.357	2.416	2.796	2.145	2.479	2.189	2.556	2.317	2.621	3.411	2.092	2.529	2.3487	1132311.0	1589543.45583
PPMI_3104_MR_MPRAGE_GRAPPA_	2.51	2.517	2.584	1.957	3.675	2.937	2.459	2.817	2.515	2.29	2.472	2.22	2.352	2.815	2.686	2.305	2.565	2.541	2.407	1.741	2.125	2.671	2.499	2.379	2.942	2.281	2.574	2.208	2.668	2.61	2.467	3.51	2.584	2.943	2.47536	1027932.0	1538036.05028
PPMI_3112_MR_MPRAGE_GRAPPA_	2.381	2.41	2.506	1.773	3.204	2.466	2.339	2.636	2.443	2.159	2.594	1.932	2.295	2.65	2.471	2.363	2.406	2.455	2.328	1.463	1.976	2.298	2.279	2.328	2.636	2.257	2.575	2.109	2.451	2.47	2.507	3.218	2.065	2.762	2.33426	921570.0	1283228.74818
PPMI_3114_MR_MPRAGE_GRAPPA_	2.627	2.531	2.441	2.019	2.968	2.734	2.639	2.755	2.486	2.233	2.762	2.212	2.557	2.875	2.809	2.413	2.656	2.909	2.405	1.935	2.199	2.452	2.52	2.406	2.949	2.549	2.678	2.339	2.768	2.605	3.125	3.666	2.518	2.97	2.5273	957948.0	1314766.77518
PPMI_3115_MR_MPRAGE_GRAPPA_	2.593	2.207	2.417	1.82	3.208	2.747	2.454	2.618	2.374	2.205	2.444	2.049	2.311	2.826	2.702	2.438	2.48	2.435	2.335	1.709	2.132	2.29	2.472	2.384	2.725	2.243	2.593	2.228	2.642	2.497	2.436	3.447	2.237	2.943	2.42059	1210529.0	1665044.53135
PPMI_3151_MR_MPRAGE_GRAPPA_	2.536	2.297	2.428	1.835	3.688	2.711	2.44	2.785	2.408	2.25	2.476	1.895	2.24	2.773	3.046	2.333	2.41	2.446	2.509	1.543	1.955	2.367	2.381	2.292	2.605	2.189	2.484	2.089	2.761	2.35	2.499	3.648	2.473	2.913	2.38623	1084782.0	1514857.04538
PPMI_3156_MR_MPRAGE_GRAPPA_	2.228	2.435	2.426	1.954	3.888	2.64	2.328	2.758	2.247	2.06	2.394	2.042	2.283	2.582	2.635	2.405	2.456	2.517	2.197	1.679	2.091	2.289	2.429	2.332	2.795	2.214	2.574	2.224	2.564	2.362	2.665	3.559	2.027	2.605	2.36952	1035571.0	1560565.10501
PPMI_3157_MR_MPRAGE_GRAPPA_	2.779	2.308	2.585	1.831	3.35	2.909	2.546	2.896	2.286	2.313	2.49	2.015	2.312	2.897	2.867	2.464	2.459	2.781	2.393	1.795	1.99	2.343	2.491	2.376	2.784	2.334	2.662	2.182	2.775	2.556	2.632	3.776	2.301	2.923	2.46625	891563.0	1159435.80887
PPMI_3160_MR_MPRAGE_GRAPPA_	2.304	2.184	2.345	1.775	3.247	2.576	2.258	2.661	2.086	1.991	2.289	1.888	2.12	2.614	2.5	2.238	2.298	2.334	2.314	1.539	1.958	1.828	2.318	2.199	2.152	2.135	2.343	2.055	2.532	2.267	2.358	3.558	2.096	2.76	2.25099	1145827.0	1790193.87569
PPMI_3161_MR_MPRAGE_GRAPPA_	2.349	2.328	2.418	1.825	3.255	2.819	2.268	2.704	2.313	2.227	2.525	1.97	2.231	2.756	2.37	2.34	2.455	2.546	2.287	1.764	1.85	2.121	2.388	2.334	2.749	2.15	2.544	2.135	2.635	2.445	2.393	3.266	2.384	2.723	2.35858	1205297.0	1698518.77845
PPMI_3165_MR_MPRAGE_GRAPPA_	2.61	2.585	2.725	2.385	3.264	2.947	2.528	2.871	2.553	2.387	2.686	2.249	2.374	2.958	3.023	2.723	2.627	2.802	2.439	1.902	2.418	2.644	2.856	2.494	2.814	2.362	2.809	2.309	3.011	2.657	2.209	3.953	2.771	3.229	2.62941	1089334.0	1446299.66632
PPMI_3169_MR_MPRAGE_GRAPPA_	2.446	2.317	2.313	2.171	3.222	2.763	2.336	2.682	2.411	2.263	2.379	2.08	2.303	2.757	2.419	2.227	2.388	2.357	2.138	1.609	1.883	2.409	2.373	2.25	2.543	2.079	2.402	1.991	2.666	2.494	2.331	2.927	2.536	2.936	2.32948	1173887.0	1642354.39404
PPMI_3171_MR_MPRAGE_GRAPPA_	2.386	2.598	2.62	2.085	3.43	2.729	2.529	2.629	2.404	2.245	2.708	2.124	2.394	2.964	3.001	2.591	2.651	2.615	2.364	1.606	2.095	2.464	2.711	2.489	2.938	2.303	2.736	2.21	2.797	2.526	2.876	3.708	2.34	3.073	2.5203	1131874.0	1576101.28394
PPMI_3172_MR_MPRAGE_GRAPPA_	2.556	2.215	2.287	1.936	3.522	2.826	2.475	2.687	2.101	2.27	2.474	2.096	1.963	2.835	3.052	2.322	2.374	2.326	2.255	1.533	2.074	2.226	2.351	2.345	2.516	2.183	2.394	2.08	2.664	2.483	2.525	3.862	2.329	2.972	2.36887	1103574.0	1656452.47896
PPMI_4079_MR_SAG_3D_SPGR	2.601	2.828	2.489	2.15	3.016	2.395	2.301	2.67	2.339	2.384	2.651	2.121	2.659	2.829	2.508	2.358	2.41	2.319	2.49	2.009	2.086	2.553	2.493	2.38	2.967	2.348	2.708	2.227	2.724	2.461	2.87	2.917	2.587	2.921	2.46407	1002369.0	1390223.47216
PPMI_4090_MR_sag_mprage_br	2.486	2.824	2.48	1.966	3.146	2.765	2.48	2.919	2.515	2.313	2.822	2.041	2.642	2.959	2.756	2.474	2.747	2.94	2.551	1.706	2.06	2.468	2.5	2.453	2.771	2.513	2.8	2.219	2.856	2.662	3.012	4.385	2.3	3.125	2.53558	1138964.0	1552173.3818
PPMI_4100_MR_sag_mprage_br	2.852	2.603	2.502	2.083	3.307	2.942	2.554	3.06	2.238	2.316	2.956	2.132	2.694	2.97	2.933	2.284	2.587	2.952	2.767	1.523	2.096	2.419	2.326	2.461	2.912	2.461	2.542	2.326	2.854	2.497	3.049	3.961	2.317	3.157	2.54158	1389352.0	1946383.8953
PPMI_4104_MR_sag_mprage_br	2.62	3.025	2.663	2.121	4.048	2.915	2.569	2.793	2.253	2.275	2.69	2.363	2.697	2.847	2.836	2.513	2.623	3.056	2.609	1.802	2.331	2.44	2.519	2.548	3.203	2.531	2.757	2.506	2.819	2.701	2.799	3.848	2.749	3.05	2.60074	1212232.0	1597581.18479
PPMI_4105_MR_sag_mprage_br	2.621	2.66	2.557	2.071	3.611	2.883	2.603	2.75	2.5	2.405	2.906	2.066	2.663	2.978	2.317	2.365	2.363	2.784	2.424	1.851	1.921	2.525	2.491	2.593	2.961	2.367	2.654	2.316	2.769	2.522	2.516	4.075	2.308	2.98	2.52642	1198688.0	1619063.65544
PPMI_4116_MR_sag_mprage_br	2.52	2.888	2.444	1.846	3.587	2.601	2.33	2.709	2.27	2.068	2.381	1.978	2.315	2.788	2.16	2.33	2.454	2.359	2.35	1.44	2.008	2.394	2.469	2.285	2.766	2.196	2.538	2.107	2.769	2.518	2.364	3.773	2.37	2.88	2.36794	1262976.0	1802782.35822
PPMI_4118_MR_sag_mprage_br	2.8	2.438	2.438	1.949	3.493	2.639	2.46	2.83	2.495	2.167	2.675	2.068	2.343	2.699	2.906	2.086	2.504	2.666	2.447	1.523	1.885	2.518	2.376	2.349	2.793	2.183	2.555	2.161	2.643	2.522	2.286	3.497	2.25	3.008	2.3992	1062911.0	1528104.46686
