rh.aparc.area	rh_bankssts_area	rh_caudalanteriorcingulate_area	rh_caudalmiddlefrontal_area	rh_cuneus_area	rh_entorhinal_area	rh_fusiform_area	rh_inferiorparietal_area	rh_inferiortemporal_area	rh_isthmuscingulate_area	rh_lateraloccipital_area	rh_lateralorbitofrontal_area	rh_lingual_area	rh_medialorbitofrontal_area	rh_middletemporal_area	rh_parahippocampal_area	rh_paracentral_area	rh_parsopercularis_area	rh_parsorbitalis_area	rh_parstriangularis_area	rh_pericalcarine_area	rh_postcentral_area	rh_posteriorcingulate_area	rh_precentral_area	rh_precuneus_area	rh_rostralanteriorcingulate_area	rh_rostralmiddlefrontal_area	rh_superiorfrontal_area	rh_superiorparietal_area	rh_superiortemporal_area	rh_supramarginal_area	rh_frontalpole_area	rh_temporalpole_area	rh_transversetemporal_area	rh_insula_area	rh_WhiteSurfArea_area	BrainSegVolNotVent	eTIV
PPMI_3188_MR_SAG_MPRAGE_GRAPPA	891.0	739.0	1543.0	1412.0	343.0	2797.0	4764.0	2607.0	822.0	4264.0	2319.0	3081.0	1671.0	3196.0	622.0	1547.0	1011.0	647.0	1092.0	1323.0	3875.0	1127.0	4296.0	3623.0	551.0	4216.0	5976.0	4985.0	3595.0	3997.0	264.0	476.0	326.0	2148.0	76143.3	982863.0	1421637.96446
PPMI_3191_MR_SAG_MPRAGE_GRAPPA	820.0	798.0	1969.0	1543.0	240.0	2747.0	4673.0	2545.0	927.0	4854.0	2659.0	3196.0	1810.0	3081.0	618.0	1227.0	1196.0	822.0	1321.0	1647.0	3634.0	1076.0	4664.0	3299.0	649.0	4622.0	5686.0	4789.0	3119.0	3084.0	264.0	359.0	313.0	2578.0	76830.2	971013.0	1318527.54006
PPMI_3257_MR_SAG_FSPGR_3D	1033.0	307.0	1150.0	679.0	415.0	4433.0	4899.0	5760.0	697.0	4091.0	2820.0	1968.0	2269.0	3658.0	922.0	1616.0	593.0	1022.0	802.0	795.0	3582.0	1172.0	2974.0	4164.0	176.0	5735.0	7623.0	6368.0	2074.0	3099.0	357.0	154.0	217.0	1547.0	79161.6	1398763.0	1797043.79675
PPMI_3260_MR_SAG_FSPGR_3D	1078.0	1140.0	2472.0	1804.0	452.0	3029.0	5729.0	3758.0	776.0	5349.0	2783.0	2957.0	1838.0	4091.0	689.0	1738.0	1184.0	1113.0	1612.0	1456.0	4398.0	1093.0	4605.0	4764.0	737.0	8400.0	8535.0	6021.0	3959.0	3934.0	289.0	370.0	354.0	2670.0	95159.4	1128607.0	1509143.06848
PPMI_3264_MR_SAG_FSPGR_3D	543.0	493.0	1836.0	909.0	954.0	2750.0	3027.0	2676.0	144.0	4372.0	2423.0	2127.0	1549.0	1864.0	1001.0	1631.0	928.0	806.0	1165.0	952.0	3273.0	596.0	4468.0	3050.0	495.0	4759.0	8236.0	4302.0	2100.0	2889.0	331.0	317.0	129.0	2342.0	69432.5	1213739.0	1566116.31927
PPMI_3270_MR_SAG_FSPGR_3D	1028.0	878.0	2712.0	1817.0	475.0	2927.0	4310.0	3589.0	853.0	5433.0	2618.0	3170.0	1991.0	3658.0	549.0	1624.0	1523.0	786.0	1441.0	1525.0	3989.0	1004.0	5768.0	3722.0	635.0	6980.0	7838.0	5166.0	3714.0	3045.0	359.0	328.0	375.0	2764.0	88563.4	1105146.0	1546677.50696
PPMI_3271_MR_SAG_FSPGR_3D	978.0	798.0	2065.0	1067.0	893.0	4003.0	5193.0	4007.0	709.0	5095.0	2721.0	2696.0	2420.0	4146.0	1255.0	2164.0	1376.0	815.0	1665.0	920.0	4657.0	1173.0	5221.0	4046.0	797.0	7605.0	8782.0	5929.0	3744.0	3625.0	247.0	427.0	411.0	2659.0	94292.5	1388103.0	1718438.79734
PPMI_3276_MR_SAG_FSPGR_3D	1213.0	716.0	3664.0	991.0	406.0	3089.0	6206.0	3277.0	703.0	4577.0	3411.0	1948.0	2281.0	3956.0	671.0	2000.0	1479.0	868.0	1522.0	691.0	5097.0	1335.0	5692.0	3160.0	608.0	6542.0	9426.0	5529.0	4527.0	4273.0	296.0	363.0	387.0	2845.0	93701.0	1180822.0	1534446.0102
PPMI_3277_MR_SAG_FSPGR_3D	1115.0	839.0	2238.0	1562.0	604.0	4569.0	6306.0	4591.0	1033.0	5755.0	3531.0	3468.0	2550.0	4154.0	803.0	1842.0	1576.0	968.0	1555.0	1402.0	4383.0	1172.0	5336.0	4970.0	785.0	7585.0	9149.0	6010.0	3951.0	4653.0	290.0	707.0	346.0	3395.0	103184.0	1367210.0	1749204.87602
PPMI_3300_MR_MPRAGE_GRAPPA_	956.0	664.0	2419.0	1601.0	363.0	3698.0	5462.0	3362.0	1080.0	5944.0	2579.0	3827.0	1913.0	3339.0	745.0	1412.0	1518.0	818.0	1777.0	1566.0	3980.0	1392.0	5408.0	3733.0	544.0	5378.0	7334.0	4843.0	3572.0	3367.0	312.0	474.0	322.0	2269.0	87961.7	1114822.0	1511904.36256
PPMI_3301_MR_MPRAGE_GRAPPA_	778.0	608.0	2830.0	1885.0	428.0	3402.0	4931.0	3426.0	1207.0	6146.0	2624.0	3838.0	2008.0	3585.0	633.0	1280.0	1334.0	808.0	1343.0	1850.0	4484.0	1163.0	5710.0	4244.0	688.0	5980.0	6709.0	4856.0	3827.0	3933.0	272.0	493.0	361.0	2396.0	90049.6	1142703.0	1572269.53811
PPMI_3310_MR_MPRAGE_GRAPPA_	713.0	625.0	1618.0	1192.0	551.0	2763.0	3986.0	2618.0	721.0	3991.0	2393.0	2288.0	2025.0	2777.0	544.0	1502.0	1307.0	797.0	1464.0	1040.0	3546.0	1002.0	4000.0	3427.0	671.0	5220.0	6097.0	5217.0	3155.0	3253.0	281.0	381.0	284.0	1945.0	73391.2	948041.0	1380180.97497
PPMI_3316_MR_MPRAGE_GRAPPA_	855.0	885.0	2597.0	1236.0	438.0	2955.0	5301.0	3312.0	936.0	4751.0	3146.0	2983.0	2248.0	3574.0	607.0	1419.0	1239.0	860.0	1366.0	1336.0	3903.0	1225.0	4856.0	3702.0	607.0	5670.0	7421.0	5401.0	3312.0	3278.0	311.0	406.0	338.0	2401.0	84759.0	1118934.0	1591620.12658
PPMI_3318_MR_MPRAGE_GRAPPA_	869.0	771.0	1569.0	1238.0	390.0	2546.0	4540.0	2851.0	864.0	4700.0	2054.0	2570.0	1936.0	3069.0	574.0	1505.0	1104.0	626.0	1159.0	1192.0	3527.0	1054.0	4567.0	3062.0	487.0	4299.0	6551.0	3962.0	3394.0	3099.0	305.0	410.0	279.0	2363.0	73481.4	970868.0	1457614.87476
PPMI_3320_MR_MPRAGE_GRAPPA_	920.0	584.0	2054.0	1448.0	324.0	2703.0	4934.0	3400.0	953.0	4801.0	2295.0	3090.0	1800.0	3766.0	539.0	1655.0	1299.0	790.0	1334.0	1384.0	4434.0	1294.0	5568.0	3315.0	484.0	5863.0	7336.0	4484.0	3927.0	3826.0	293.0	437.0	294.0	2761.0	84380.0	1066404.0	1484363.72393
PPMI_3350_MR_MPRAGE_GRAPPA_	935.0	735.0	2492.0	1575.0	451.0	3385.0	5590.0	3720.0	904.0	5404.0	2874.0	2912.0	2056.0	3833.0	594.0	2023.0	1493.0	732.0	1622.0	1471.0	4261.0	1259.0	5602.0	4057.0	874.0	6827.0	8588.0	4960.0	4050.0	3564.0	231.0	465.0	344.0	2355.0	92227.3	1133104.0	1634947.71941
PPMI_3351_MR_MPRAGE_GRAPPA_	779.0	506.0	1888.0	1531.0	383.0	2478.0	5813.0	2769.0	680.0	4813.0	2546.0	3243.0	1801.0	3150.0	622.0	1561.0	1241.0	731.0	1159.0	1640.0	4320.0	994.0	4851.0	3996.0	408.0	5652.0	6793.0	5353.0	2908.0	3260.0	225.0	493.0	278.0	2023.0	80884.0	945005.0	1587559.94688
PPMI_3353_MR_MPRAGE_GRAPPA_	853.0	826.0	1768.0	1440.0	429.0	2753.0	4854.0	2742.0	870.0	4409.0	2392.0	2882.0	1684.0	3068.0	561.0	1260.0	1132.0	657.0	1245.0	1401.0	3429.0	959.0	4407.0	3151.0	644.0	4786.0	5979.0	4752.0	3309.0	3026.0	306.0	466.0	279.0	2060.0	74773.2	1084989.0	1447226.86113
PPMI_3355_MR_MPRAGE_GRAPPA_	839.0	862.0	1742.0	1655.0	387.0	3074.0	5241.0	3553.0	803.0	5461.0	2163.0	3257.0	1829.0	3375.0	604.0	1559.0	1275.0	703.0	1453.0	2062.0	4001.0	1132.0	4727.0	3673.0	542.0	5441.0	7575.0	5644.0	3699.0	3044.0	301.0	488.0	318.0	2573.0	85052.9	1133792.0	1442994.0554
PPMI_3357_MR_MPRAGE_GRAPPA_	873.0	771.0	2519.0	1569.0	452.0	2962.0	5930.0	3440.0	1005.0	4259.0	2800.0	3329.0	1995.0	3802.0	796.0	1624.0	1316.0	936.0	1731.0	1830.0	3904.0	1345.0	5871.0	3837.0	584.0	6685.0	8228.0	5350.0	3990.0	3984.0	309.0	406.0	331.0	2820.0	91569.2	1159118.0	1656902.57819
PPMI_3358_MR_MPRAGE_GRAPPA_	900.0	978.0	2982.0	1430.0	526.0	3295.0	7043.0	3504.0	894.0	5113.0	2531.0	3492.0	2330.0	3574.0	789.0	2198.0	1272.0	816.0	1212.0	1706.0	4462.0	1548.0	6080.0	4267.0	723.0	5587.0	8732.0	6584.0	4116.0	3931.0	371.0	442.0	383.0	2976.0	96763.9	1240402.0	1693695.02234
PPMI_3361_MR_MPRAGE_T1_SAG	1099.0	702.0	2163.0	1584.0	420.0	3425.0	6113.0	3947.0	1009.0	4858.0	2362.0	2877.0	1836.0	3739.0	625.0	1719.0	1460.0	827.0	1454.0	1441.0	4433.0	1296.0	4623.0	4505.0	830.0	5809.0	7801.0	5678.0	3748.0	5046.0	274.0	499.0	327.0	2546.0	91064.9	1158178.0	1546495.86431
PPMI_3362_MR_MPRAGE_T1_SAG	969.0	624.0	1873.0	1754.0	365.0	2902.0	5258.0	3416.0	738.0	4738.0	2451.0	3310.0	1864.0	3556.0	694.0	1410.0	1309.0	781.0	1520.0	1825.0	3908.0	1143.0	4805.0	3528.0	579.0	5228.0	6143.0	4990.0	3316.0	3188.0	352.0	375.0	256.0	2442.0	81593.6	1069893.0	1281876.00744
PPMI_3368_MR_MPRAGE_T1_SAG	1021.0	847.0	2109.0	1486.0	516.0	2793.0	6447.0	3275.0	894.0	4726.0	2392.0	3550.0	1927.0	3860.0	728.0	1526.0	1220.0	660.0	1332.0	1591.0	4019.0	1145.0	4248.0	4221.0	678.0	5267.0	6604.0	5604.0	3487.0	3374.0	294.0	452.0	287.0	2448.0	85013.0	1117472.0	1350579.53518
PPMI_3369_MR_MPRAGE_T1_SAG	853.0	670.0	1844.0	1592.0	359.0	2773.0	4339.0	2554.0	1087.0	4734.0	2479.0	3549.0	1800.0	3240.0	744.0	1234.0	1175.0	988.0	1609.0	1822.0	3766.0	1155.0	4583.0	4042.0	534.0	6126.0	5916.0	5004.0	3709.0	3508.0	261.0	426.0	281.0	2472.0	81192.1	1070955.0	1332959.99369
PPMI_3370_MR_MPRAGE_T1_SAG	768.0	986.0	2719.0	2065.0	496.0	3439.0	5086.0	3412.0	1028.0	5279.0	3025.0	3562.0	2147.0	3720.0	707.0	1961.0	1407.0	1016.0	1644.0	1882.0	4523.0	1435.0	5561.0	3919.0	895.0	6758.0	7631.0	5719.0	4413.0	3516.0	250.0	554.0	391.0	2655.0	94566.5	1317136.0	1671851.72872
PPMI_3389_MR_MPRAGE_GRAPPA_	881.0	761.0	1972.0	1416.0	307.0	3078.0	5473.0	2978.0	822.0	5199.0	2455.0	3105.0	1867.0	3352.0	656.0	1509.0	1348.0	875.0	1333.0	1389.0	3822.0	1395.0	5088.0	3942.0	580.0	6132.0	7047.0	5768.0	3775.0	3681.0	226.0	352.0	302.0	2339.0	85220.8	1045502.0	1504390.079
PPMI_3390_MR_MPRAGE_GRAPPA_	948.0	608.0	2024.0	1884.0	369.0	3382.0	4911.0	2887.0	864.0	5542.0	2631.0	3525.0	1929.0	3133.0	737.0	1754.0	1454.0	769.0	1477.0	1862.0	3432.0	1085.0	5109.0	3822.0	478.0	4950.0	6659.0	5645.0	3595.0	3329.0	242.0	434.0	385.0	2537.0	84386.3	1070257.0	1393405.9966
