lh.aparc.thickness	lh_bankssts_thickness	lh_caudalanteriorcingulate_thickness	lh_caudalmiddlefrontal_thickness	lh_cuneus_thickness	lh_entorhinal_thickness	lh_fusiform_thickness	lh_inferiorparietal_thickness	lh_inferiortemporal_thickness	lh_isthmuscingulate_thickness	lh_lateraloccipital_thickness	lh_lateralorbitofrontal_thickness	lh_lingual_thickness	lh_medialorbitofrontal_thickness	lh_middletemporal_thickness	lh_parahippocampal_thickness	lh_paracentral_thickness	lh_parsopercularis_thickness	lh_parsorbitalis_thickness	lh_parstriangularis_thickness	lh_pericalcarine_thickness	lh_postcentral_thickness	lh_posteriorcingulate_thickness	lh_precentral_thickness	lh_precuneus_thickness	lh_rostralanteriorcingulate_thickness	lh_rostralmiddlefrontal_thickness	lh_superiorfrontal_thickness	lh_superiorparietal_thickness	lh_superiortemporal_thickness	lh_supramarginal_thickness	lh_frontalpole_thickness	lh_temporalpole_thickness	lh_transversetemporal_thickness	lh_insula_thickness	lh_MeanThickness_thickness	BrainSegVolNotVent	eTIV
PPMI_3635_MR_SAG_T1_3D	2.49	2.674	2.633	1.634	3.106	2.636	2.497	2.877	2.265	2.164	2.703	2.013	2.302	2.831	2.475	2.607	2.653	2.973	2.402	1.446	2.16	2.317	2.721	2.403	2.704	2.367	2.814	2.253	2.751	2.559	2.486	3.641	2.269	2.958	2.50742	1379714.0	1804870.39481
PPMI_3636_MR_SAG_T1_3D	2.59	2.814	2.616	1.976	3.157	2.794	2.456	2.994	2.262	2.171	2.828	2.121	2.63	2.944	2.712	2.606	2.839	2.811	2.57	1.874	2.195	2.474	2.734	2.448	3.226	2.534	2.919	2.349	3.114	2.64	2.949	4.195	2.252	3.313	2.61224	1186130.0	1608845.61271
PPMI_3637_MR_SAG_T1_3D	2.355	2.232	2.573	1.826	3.965	2.763	2.437	2.724	2.352	2.22	2.677	2.119	2.161	2.908	3.045	2.312	2.347	2.823	2.508	1.534	2.053	2.152	2.532	2.495	2.608	2.438	2.701	2.356	2.706	2.532	2.501	3.876	1.805	2.797	2.47653	1043803.0	1385912.41783
PPMI_3750_MR_MPRAGE_GRAPPA_	2.647	2.314	2.463	1.97	2.841	2.599	2.386	2.684	2.418	2.321	2.393	2.215	2.4	2.685	2.475	2.332	2.564	2.468	2.156	1.937	2.189	2.504	2.493	2.429	2.524	2.25	2.455	2.21	2.661	2.443	2.378	3.13	2.481	2.803	2.41898	1244574.0	1829229.11719
PPMI_3756_MR_MPRAGE_GRAPPA_	2.338	2.512	2.388	1.866	3.047	2.538	2.182	2.6	2.645	2.037	2.493	2.109	2.393	2.483	2.932	2.234	2.391	2.361	2.403	1.541	1.841	2.618	2.419	2.328	2.707	2.149	2.49	2.018	2.359	2.055	2.704	3.534	2.028	2.981	2.30468	1164931.0	1691188.38722
PPMI_3759_MR_MPRAGE_GRAPPA_	2.599	2.671	2.522	1.832	3.64	2.772	2.382	2.85	2.189	2.263	2.609	2.118	2.405	2.754	2.998	2.369	2.471	2.587	2.319	1.689	2.068	2.307	2.544	2.4	3.073	2.304	2.652	2.24	2.707	2.441	2.654	3.744	2.535	2.913	2.4683	984075.0	1306761.04558
PPMI_3765_MR_MPRAGE_GRAPPA_	2.373	2.761	2.469	2.004	3.385	2.67	2.281	2.525	2.477	2.164	2.492	1.928	2.351	2.692	2.64	2.396	2.405	2.394	2.259	1.677	1.989	2.396	2.511	2.459	3.324	2.271	2.681	2.095	2.748	2.454	2.656	3.608	2.18	2.869	2.40432	961769.0	1327858.50933
PPMI_3767_MR_MPRAGE_GRAPPA_	2.574	2.695	2.443	2.005	3.062	2.845	2.404	2.809	2.348	2.319	2.632	2.167	2.373	2.793	3.346	2.435	2.355	2.64	2.29	1.679	2.069	2.203	2.622	2.305	2.722	2.225	2.613	2.107	2.587	2.482	2.45	3.5	2.302	2.914	2.43778	1117418.0	1477258.25012
PPMI_3768_MR_MPRAGE_GRAPPA_	2.237	2.607	2.54	1.999	3.233	2.733	2.447	2.73	2.331	2.207	2.534	2.001	2.305	2.826	2.571	2.385	2.364	2.434	2.267	1.701	2.093	2.552	2.523	2.476	2.354	2.271	2.536	2.341	2.543	2.487	2.594	3.3	2.438	2.819	2.42577	1194726.0	1713048.57852
PPMI_3769_MR_MPRAGE_GRAPPA_	2.58	2.416	2.535	1.977	3.603	2.83	2.313	2.914	2.097	2.163	2.506	2.191	2.34	2.823	2.67	2.422	2.517	2.745	2.306	1.72	2.151	2.232	2.565	2.338	2.741	2.387	2.585	2.109	2.772	2.44	2.696	3.381	2.827	2.919	2.45288	1043950.0	1463483.87614
PPMI_3779_MR_MPRAGE_GRAPPA_	2.408	2.983	2.345	1.898	3.092	2.607	2.302	2.664	2.45	2.275	2.486	1.877	2.516	2.751	2.9	2.382	2.433	2.235	2.39	1.618	1.981	2.486	2.457	2.273	2.6	2.229	2.544	1.999	2.54	2.397	2.726	3.21	2.106	3.062	2.38725	1284625.0	1839625.31571
PPMI_3803_MR_MPRAGE_GRAPPA_	2.352	2.423	2.269	1.937	3.262	2.58	2.3	2.461	2.15	2.15	2.448	2.078	2.297	2.592	3.158	2.304	2.375	2.399	2.18	1.808	2.082	2.409	2.467	2.384	2.592	2.215	2.435	2.241	2.44	2.447	2.448	3.347	2.316	2.429	2.34489	1043115.0	1472243.95335
PPMI_3804_MR_MPRAGE_GRAPPA_	2.445	2.389	2.346	1.883	2.916	2.74	2.387	2.685	2.278	2.261	2.594	2.09	2.453	2.617	2.821	2.306	2.429	2.486	2.285	1.689	2.12	2.428	2.463	2.445	2.447	2.244	2.5	2.25	2.678	2.39	2.541	3.772	2.508	2.666	2.40238	1089112.0	1446813.77388
PPMI_3805_MR_MPRAGE_GRAPPA_	2.68	2.734	2.653	2.202	3.81	2.835	2.514	2.895	2.817	2.376	2.635	2.123	2.539	2.899	2.629	2.748	2.625	2.972	2.47	1.974	2.202	2.759	2.807	2.491	2.81	2.419	2.971	2.391	3.074	2.635	3.075	3.667	2.253	3.155	2.63256	1016077.0	1322781.14872
PPMI_3806_MR_MPRAGE_GRAPPA_	2.401	2.477	2.438	1.868	3.126	2.575	2.281	2.647	2.301	2.062	2.473	1.946	2.31	2.596	2.692	2.328	2.463	2.717	2.43	1.607	2.065	2.278	2.433	2.33	2.819	2.183	2.54	2.085	2.636	2.373	2.939	3.568	2.138	2.674	2.34858	1012465.0	1381046.19904
PPMI_3807_MR_MPRAGE_GRAPPA_	2.702	2.672	2.604	1.808	3.646	2.752	2.448	2.821	2.693	2.306	2.505	2.105	2.361	2.845	2.636	2.408	2.556	2.653	2.19	1.757	2.018	2.458	2.778	2.39	2.65	2.237	2.641	2.137	2.731	2.461	2.683	3.576	2.285	2.839	2.46789	1133744.0	1538760.30588
PPMI_3809_MR_MPRAGE_GRAPPA_	2.401	2.778	2.68	2.115	3.845	2.862	2.449	2.848	2.369	2.348	2.656	2.185	2.56	2.947	3.023	2.541	2.782	2.748	2.463	1.824	2.259	2.546	2.699	2.431	2.64	2.491	2.816	2.178	2.81	2.624	2.845	4.107	2.721	3.08	2.57154	1107304.0	1513722.14831
PPMI_3811_MR_MPRAGE_GRAPPA_	2.524	2.334	2.605	2.098	3.349	2.907	2.533	2.912	2.269	2.554	2.378	1.909	2.31	2.829	2.849	2.59	2.562	2.492	2.373	1.861	2.131	2.184	2.422	2.59	2.515	2.326	2.802	2.455	2.637	2.454	2.499	3.331	2.164	2.601	2.50287	1180399.0	1750521.54198
PPMI_3812_MR_MPRAGE_GRAPPA_	2.479	2.705	2.459	1.765	2.923	2.643	2.327	2.488	2.523	2.174	2.566	2.007	2.45	2.765	2.878	2.43	2.495	2.521	2.421	1.655	2.083	2.527	2.656	2.297	2.719	2.244	2.693	2.211	2.73	2.498	2.667	2.875	2.429	2.621	2.41789	987682.0	1334068.39339
PPMI_3813_MR_MPRAGE_GRAPPA_	2.326	2.71	2.423	1.794	3.454	2.621	2.203	2.548	2.291	2.041	2.51	2.079	2.396	2.517	3.118	2.086	2.424	2.368	2.157	1.597	1.807	2.331	2.271	2.132	2.556	2.216	2.39	1.996	2.464	2.309	2.513	3.415	2.12	2.678	2.27796	1085862.0	1533263.02564
PPMI_3816_MR_MPRAGE_GRAPPA_	2.629	3.029	2.591	2.027	3.491	2.789	2.541	2.746	2.498	2.337	2.61	2.049	2.598	3.005	3.278	2.585	2.549	2.559	2.477	1.732	2.029	2.597	2.575	2.338	3.203	2.474	2.754	2.186	2.922	2.509	2.742	3.682	2.624	2.901	2.53383	1137477.0	1593455.92514
PPMI_3817_MR_MPRAGE_GRAPPA_	2.602	2.553	2.446	1.745	3.663	2.596	2.255	2.748	2.286	2.136	2.698	1.991	2.508	2.73	2.957	2.209	2.5	2.688	2.249	1.701	2.005	2.097	2.479	2.272	2.699	2.309	2.596	2.007	2.574	2.376	2.578	3.288	2.111	2.737	2.38364	1073803.0	1530550.51897
PPMI_3850_MR_MPRAGE_GRAPPA_	2.381	3.027	2.569	2.0	3.165	2.792	2.349	2.631	2.522	2.21	2.488	2.228	2.276	2.755	3.231	2.37	2.494	2.843	2.455	1.71	2.258	2.565	2.579	2.391	2.516	2.29	2.601	2.282	2.732	2.583	2.497	3.512	2.571	2.748	2.46659	1026565.0	1395630.69516
PPMI_3851_MR_MPRAGE_GRAPPA_	2.531	2.623	2.531	2.011	3.858	2.707	2.386	2.761	2.525	2.399	2.658	2.14	2.482	2.837	2.944	2.344	2.45	2.648	2.319	1.739	2.222	2.436	2.729	2.318	2.684	2.323	2.633	2.256	2.679	2.415	2.671	3.587	2.352	2.834	2.49967	1010862.0	1387883.70243
PPMI_3852_MR_MPRAGE_GRAPPA_	2.259	2.596	2.442	1.81	2.831	2.593	2.248	2.568	2.283	2.052	2.461	1.956	2.233	2.604	2.76	2.301	2.391	2.356	2.217	1.5	1.909	2.193	2.414	2.238	2.545	2.236	2.553	2.222	2.397	2.341	2.43	3.278	2.097	2.787	2.32945	1103265.0	1638125.84643
PPMI_3853_MR_MPRAGE_GRAPPA_	2.446	2.71	2.383	1.931	3.34	2.841	2.473	2.701	2.512	2.186	2.652	1.988	2.6	2.841	3.122	2.496	2.596	2.206	2.282	1.63	2.061	2.59	2.605	2.335	2.704	2.388	2.537	2.165	2.761	2.457	2.426	3.738	2.624	2.794	2.45243	1129900.0	1491728.357
PPMI_3854_MR_MPRAGE_GRAPPA_	2.652	2.593	2.472	2.045	2.914	2.748	2.472	2.695	2.472	2.259	2.515	2.182	2.348	2.934	3.236	2.471	2.565	2.454	2.374	1.789	1.992	2.529	2.581	2.509	2.912	2.292	2.674	2.217	2.892	2.519	2.31	3.606	2.248	2.947	2.48485	1232821.0	1644523.44965
PPMI_3855_MR_MPRAGE_GRAPPA_	2.632	2.823	2.435	1.943	3.196	2.728	2.519	2.681	2.239	2.287	2.535	1.976	2.293	2.87	3.0	2.431	2.535	2.535	2.348	1.687	2.113	2.474	2.561	2.449	2.968	2.36	2.63	2.232	2.717	2.551	2.533	3.799	2.45	2.91	2.47897	1080968.0	1509581.7823
PPMI_3857_MR_MPRAGE_GRAPPA_	2.392	2.517	2.432	1.915	3.444	2.76	2.431	2.573	2.331	2.303	2.575	2.09	2.518	2.738	2.768	2.488	2.588	2.536	2.354	1.734	2.184	2.508	2.686	2.527	3.133	2.288	2.67	2.207	2.888	2.594	2.707	3.558	2.584	2.979	2.50102	930308.0	1220848.07835
PPMI_3859_MR_MPRAGE_GRAPPA_	2.643	2.502	2.43	1.962	3.983	3.029	2.467	3.031	2.29	2.438	2.573	2.265	2.462	2.978	2.698	2.532	2.339	2.759	2.422	1.578	2.201	2.372	2.624	2.506	2.75	2.278	2.679	2.33	2.797	2.699	2.528	3.559	2.456	2.766	2.5437	1102416.0	1490598.46932
